VRS0 state: 
0, 1, 0, 1, 0, 1, 0, 1, 0, 1, 0, 1, 0, 1, 0, 1, 0, 1, 0, 1, 0, 1, 0, 1, 0, 1, 0, 1, 0, 1, 0, 1, 0, 1, 0, 1, 0, 1, 0, 1, 0, 1, 0, 1, 0, 1, 0, 1, 0, 1, 0, 1, 0, 1, 0, 1, 0, 1, 0, 1, 0, 1, 0, 1, 0, 1, 0, 1, 0, 1, 0, 1, 0, 1, 0, 1, 0, 1, 0, 1, 0, 1, 0, 1, 0, 1, 0, 1, 0, 1, 0, 1, 0, 1, 0, 1, 0, 1, 0, 1, 0, 1, 0, 1, 0, 1, 0, 1, 0, 1, 0, 1, 0, 1, 0, 1, 0, 1, 0, 1, 0, 1, 0, 1, 0, 1, 0, 1, 0, 1, 0, 1, 0, 1, 0, 1, 0, 1, 0, 1, 0, 1, 0, 1, 0, 1, 0, 1, 0, 1, 0, 1, 0, 1, 0, 1, 0, 1, 0, 1, 0, 1, 0, 1, 0, 1, 0, 1, 0, 1, 0, 1, 0, 1, 0, 1, 0, 1, 0, 1, 0, 1, 0, 1, 0, 1, 0, 1, 0, 1, 
VRS0 first event at [us]: 7051908
VRS0 dt [ms]: 
0, 151, 14, 11, 12, 10, 11, 11, 12, 10, 14, 11, 10, 7, 7, 6, 8, 8, 8, 8, 8, 10, 10, 9, 9, 6, 7, 6, 7, 7, 8, 7, 9, 9, 9, 9, 8, 8, 6, 5, 7, 6, 8, 8, 8, 8, 10, 8, 9, 6, 7, 5, 6, 7, 9, 7, 8, 8, 9, 10, 8, 6, 6, 6, 6, 6, 9, 7, 9, 8, 9, 10, 8, 6, 6, 6, 6, 8, 8, 7, 8, 9, 10, 9, 8, 6, 7, 5, 8, 6, 8, 7, 8, 8, 11, 8, 9, 6, 6, 5, 8, 6, 8, 7, 9, 9, 10, 8, 9, 6, 7, 5, 7, 6, 8, 7, 10, 8, 9, 9, 8, 7, 7, 6, 6, 7, 8, 7, 10, 8, 10, 8, 10, 6, 7, 5, 7, 6, 8, 8, 9, 8, 9, 9, 9, 7, 6, 5, 7, 7, 9, 7, 8, 8, 10, 10, 9, 6, 6, 6, 6, 8, 8, 7, 8, 8, 11, 9, 9, 6, 6, 6, 8, 6, 9, 7, 8, 9, 10, 9, 9, 6, 7, 6, 7, 6, 9, 6, 9, 9, 
VRS1 state: 
0, 1, 0, 1, 0, 1, 0, 1, 0, 1, 0, 1, 0, 1, 0, 1, 0, 1, 1, 0, 1, 0, 1, 0, 1, 0, 1, 0, 1, 0, 1, 0, 1, 0, 1, 0, 0, 1, 0, 0, 0, 0, 0, 0, 0, 0, 0, 0, 0, 0, 0, 0, 0, 0, 0, 0, 0, 0, 0, 0, 0, 0, 0, 0, 0, 0, 0, 0, 0, 0, 0, 0, 0, 0, 0, 0, 0, 0, 0, 0, 0, 0, 0, 0, 0, 0, 0, 0, 0, 0, 0, 0, 0, 0, 0, 0, 0, 0, 0, 0, 0, 0, 0, 0, 0, 0, 0, 0, 0, 0, 0, 0, 0, 0, 0, 0, 0, 0, 0, 0, 0, 0, 0, 0, 0, 0, 0, 0, 0, 0, 0, 0, 0, 0, 0, 0, 0, 0, 0, 0, 0, 0, 0, 0, 0, 0, 0, 0, 0, 0, 0, 0, 0, 0, 0, 0, 0, 0, 0, 0, 0, 0, 0, 0, 0, 0, 0, 0, 0, 0, 0, 0, 0, 0, 0, 0, 0, 0, 0, 0, 0, 0, 0, 0, 0, 0, 0, 0, 0, 0, 
VRS1 first event at [us]: 7198260
VRS1 dt [ms]: 
0, 43, 15, 90, 96, 83, 72, 12, 12, 86, 97, 83, 73, 12, 13, 87, 97, 83, 0, 76, 12, 13, 90, 96, 84, 75, 12, 13, 88, 99, 84, 75, 13, 13, 89, 98, 63, 20, 0, 0, 0, 0, 0, 0, 0, 0, 0, 0, 0, 0, 0, 0, 0, 0, 0, 0, 0, 0, 0, 0, 0, 0, 0, 0, 0, 0, 0, 0, 0, 0, 0, 0, 0, 0, 0, 0, 0, 0, 0, 0, 0, 0, 0, 0, 0, 0, 0, 0, 0, 0, 0, 0, 0, 0, 0, 0, 0, 0, 0, 0, 0, 0, 0, 0, 0, 0, 0, 0, 0, 0, 0, 0, 0, 0, 0, 0, 0, 0, 0, 0, 0, 0, 0, 0, 0, 0, 0, 0, 0, 0, 0, 0, 0, 0, 0, 0, 0, 0, 0, 0, 0, 0, 0, 0, 0, 0, 0, 0, 0, 0, 0, 0, 0, 0, 0, 0, 0, 0, 0, 0, 0, 0, 0, 0, 0, 0, 0, 0, 0, 0, 0, 0, 0, 0, 0, 0, 0, 0, 0, 0, 0, 0, 0, 0, 0, 0, 0, 0, 0, 0, 
